immutable_pool_sui,immutable_pool_tokens,price_of_last_transaction,staked_sui_count,staked_sui_activated_count,staked_sui_pools_count,token_total_supply,pending_amount,staked_amount,staked_with_rewards_balance,all_time_promised_amount,promised_amount,promised_fulfilled,promised_amount_in_staked,extra_staked_in_promised,all_time_extra_amount,still_waiting_for_sui_amount,price_calculated,epoch,user_balance_sui,user_balance_tokens
"10000000000","10000000000","1","0","0","0","10.000000000","0.000000000","0.000000000","0.000000000","0.000000000","0.000000000","0.000000000","0.000000000","0.000000000","0.000000000","0.000000000","1","3","3989.910904008","0.000000000"
"10000000000","10000000000","1","1","0","1","110.000000000","0.000000000","100.000000000","100.000000000","0.000000000","0.000000000","0.000000000","0.000000000","0.000000000","0.000000000","0.000000000","1","4","3889.880370332","100.000000000"
"10000000000","10000000000","1","2","1","2","100.900000000","0.000000000","101.000000000","101.000000000","10.100000000","10.100000000","0.000000000","0.000000000","0.000000000","0.000000000","0.000000000","1","5","3888.871367692","90.900000000"
"10000000000","10000000000","1.011426518","3","2","3","92.699832314","0.000000000","102.000000000","103.152935752","19.393867048","19.393867048","0.000000000","0.000000000","0.000000000","0.000000000","0.000000000","1.0114265189435518","6","3887.862352892","82.699832314"
"10000000000","10000000000","1.023983855","4","3","3","85.308769189","0.000000000","103.000000000","105.316998730","27.962196357","27.962196357","0.000000000","0.000000000","0.000000000","0.000000000","0.000000000","1.02398385539319","7","3886.853325932","75.308769189"
"10000000000","10000000000","1.037758051","5","4","3","78.645146442","0.000000000","94.237584903","97.392058474","35.877424510","25.777424510","0.000000000","10.100000000","0.000000000","0.000000000","0.000000000","1.037758051912205","8","3885.843099540","68.645146442"
"10000000000","10000000000","1.051407365","6","5","3","72.636627322","0.000000000","86.353296587","90.171643714","43.194825763","23.800958715","0.000000000","19.393867048","0.000000000","0.000000000","0.000000000","1.0514073658795697","9","3884.832860988","62.636627322"
"10000000000","10000000000","1.064925143","7","6","3","67.218094414","0.000000000","79.251779037","83.585200200","49.965157693","22.002961336","0.000000000","17.862196357","0.224928246","0.224928246","0.000000000","1.0649251438626182","10","3893.925738520","57.218094414"
"10000000000","10000000000","1.080266182","8","7","3","62.331966314","0.224928246","72.840412100","77.479303978","56.246541408","20.369116898","0.000000000","16.483557462","0.194418929","0.419347175","0.000000000","1.0802661829533247","11","3902.213442980","52.331966314"
"10000000000","10000000000","1.095245308","9","8","4","57.922816185","0.419347175","67.054657817","71.903976663","62.078456915","18.883631152","0.000000000","15.232629406","0.167921988","0.587269163","0.000000000","1.095245308573734","12","3909.775591461","47.922816185"
"10000000000","10000000000","1.10986089","10","9","4","53.943538037","0.587269163","61.835973403","66.814877051","67.497480718","17.532323025","0.000000000","14.087733183","0.153586867","0.740856030","0.000000000","1.109860890991895","13","3916.684620546","43.943538037"
"10000000000","10000000000","1.124270172","11","10","4","50.351702863","0.740856030","57.120775104","62.159691583","72.538171375","16.291629967","0.000000000","13.051715645","0.140594815","0.881450845","0.000000000","1.1242701721533632","14","3922.995804491","40.351702863"
"10000000000","10000000000","1.138460153","12","11","4","47.108984289","0.881450845","52.864065532","57.904087333","77.232293588","15.153836673","0.000000000","12.113299222","0.128820774","1.010271619","0.000000000","1.1384601539270092","15","3928.759900873","37.108984289"
"10000000000","10000000000","1.152419047","13","12","4","44.180875555","0.010271619","50.024691260","55.016167359","81.609037146","14.111556428","0.000000000","11.250939310","0.118368376","1.128639995","0.000000000","1.1524190480701757","16","3934.035030800","34.180875555"
"10000000000","10000000000","1.166141237","14","13","4","41.536307381","0.128639995","46.564417887","51.465625408","85.695235867","13.157064492","0.000000000","10.459714460","0.108851931","1.237491926","0.000000000","1.1661412379945137","17","3938.860674279","31.536307381"
"10000000000","10000000000","1.179837169","15","14","4","39.147157800","0.237491926","43.448503951","48.233711130","89.516224770","12.283931182","0.000000000","9.734812870","0.100191276","1.337683202","0.000000000","1.1798371700435428","18","3943.273407814","29.147157800"
"10000000000","10000000000","1.193291246","16","15","4","36.988245554","0.337683202","40.645384633","45.285569318","93.094540009","11.485502863","0.000000000","9.070865771","0.092325458","1.430008660","0.000000000","1.1932912468790193","19","3947.307789963","26.988245554"
"10000000000","10000000000","1.206497102","17","16","4","35.036894636","0.430008660","38.126369614","42.597534091","96.450866765","10.755630898","0.000000000","8.462942279","0.085181702","1.515190362","0.000000000","1.2064971023306987","20","3950.995585428","25.036894636"
"10000000000","10000000000","1.218392123","18","17","4","33.273326601","0.515190362","35.861926906","40.110081541","99.601537631","10.085312861","0.000000000","7.907187624","0.074759503","1.589949865","0.000000000","1.2183921231603458","21","3954.365983998","23.273326601"
"10000000000","10000000000","1.229933494","19","18","4","31.679047961","0.589949865","33.828932944","37.842812941","102.564180652","9.469640643","0.000000000","7.399304142","0.065522391","1.655472256","0.000000000","1.2299334945597926","22","3957.445819491","21.679047961"
"10000000000","10000000000","1.239108519","19","19","4","10.000000000","0.655472256","31.006364760","34.777142224","129.426873664","32.976006899","0.000000000","6.934641995","0.060772559","1.716244815","0.000000000","1.2456607581","23","3961.292246978","0.000000000"
"10000000000","10000000000","1.239108519","19","19","4","10.000000000","0.716244815","28.377321999","31.898640196","129.426873664","29.825336033","0.000000000","6.506997622","0.056454742","1.772699557","0.000000000","1.2789548978","24","3964.873408349","0.000000000"
"10000000000","10000000000","1.239108519","19","19","4","10.000000000","0.772699557","25.924223072","29.183660843","129.426873664","26.862693012","0.000000000","6.113313887","0.052529624","1.825229181","0.000000000","1.3093667388","25","3968.232581237","0.000000000"
"10000000000","10000000000","1.239108519","3","3","3","10.000000000","0.276224153","3.000000000","3.094776206","129.426873664","0.000000000","26.862693012","2.962643021","0.048920288","1.874149469","0.000000000","1.3371000359","26","3971.399436235","0.000000000"
"10000000000","10000000000","1.239108519","3","3","3","10.000000000","0.325144441","3.000000000","3.118429522","129.426873664","0.000000000","26.862693012","0.000000000","0.045639256","1.919788725","0.000000000","1.3443573963","27","3974.366209940","0.000000000"
"10000000000","10000000000","1.239108519","3","3","3","10.000000000","0.370783697","3.000000000","3.142079181","129.426873664","0.000000000","0.000000000","0.000000000","0.000000000","1.919788725","0.000000000","1.3512862878","28","4001.256743736","0.000000000"
"10000000000","10000000000","1.239108519","3","3","3","10.000000000","0.370783697","3.000000000","3.165725207","129.426873664","0.000000000","0.000000000","0.000000000","0.000000000","1.919788725","0.000000000","1.3536508904","29","4001.256642740","0.000000000"